% Model:              bistable_tri.mph
% Version:            COMSOL 6.2.0.290
% Date:               Oct 29 2025, 15:34
% Table:              Table 1 - Global Evaluation 1
% delta (m)              Total stored energy (J)
0                        1.1722544427023537E-7
0.1                      7707533.827142148
0.2                      2.860901544180252E7
0.30000000000000004      6.0071590565460384E7
0.4                      1.0013688970419E8
0.5                      1.473020866153551E8
0.6000000000000001       2.003810375310799E8
0.7000000000000001       2.58413784230219E8
0.8                      3.206059076636202E8
0.9                      3.8628680730274445E8
1                        4.5488030385770106E8
1.1                      5.2588347501088685E8
1.2000000000000002       5.988511243532304E8
1.3                      6.73384190482693E8
1.4000000000000001       7.491209682797452E8
1.5                      8.257303747765229E8
1.6                      9.029067269740634E8
1.7000000000000002       9.803656552511536E8
1.8                      1.0578408819479532E9
1.9000000000000001       1.1350816677701058E9
2                        1.211850779857304E9
2.1                      1.2879228717664013E9
2.2                      1.363083191858101E9
2.3000000000000003       1.4371265557246656E9
2.4000000000000004       1.509856532431377E9
2.5                      1.581084804891416E9
2.6                      1.6506306726442575E9
2.7                      1.7183206713577135E9
2.8000000000000003       1.7839882880234683E9
2.9000000000000004       1.8474737544216926E9
3                        1.9086239042572246E9
3.1                      1.9672920816079626E9
3.2                      2.023338090120939E9
3.3000000000000003       2.076628173848963E9
3.4000000000000004       2.127035021824079E9
3.5                      2.1744377894711866E9
3.6                      2.2187221308263855E9
3.7                      2.25978023627337E9
3.8000000000000003       2.2975108711734886E9
3.9000000000000004       2.331819411364647E9
4                        2.3626178720509043E9
4.1000000000000005       2.3898249271152277E9
4.2                      2.413365916364219E9
4.3                      2.4331728386675115E9
4.4                      2.4491843293827534E9
4.5                      2.461345620868721E9
4.6000000000000005       2.4696084852789764E9
4.7                      2.4739311592036304E9
4.800000000000001        2.4742782500814366E9
4.9                      2.470620624645516E9
5                        2.4629352799901247E9
5.1000000000000005       2.451205198157829E9
5.2                      2.4354191854489636E9
5.300000000000001        2.415571697953512E9
5.4                      2.391662655108843E9
5.5                      2.363697243404903E9
5.6000000000000005       2.3316857127106266E9
5.7                      2.295643168103464E9
5.800000000000001        2.255589360584107E9
5.9                      2.211548480699721E9
6                        2.1635489599543147E9
6.1000000000000005       2.111623286062812E9
6.2                      2.0558078397679873E9
6.300000000000001        1.996142763336485E9
6.4                      1.9326718743729274E9
6.5                      1.865442643862375E9
6.6000000000000005       1.7945062653928986E9
6.7                      1.719917855035309E9
6.800000000000001        1.6417368413238328E9
6.9                      1.5600276374640534E9
7                        1.474860743035773E9
7.1000000000000005       1.3863145188014777E9
7.2                      1.2944780535746887E9
7.300000000000001        1.1994558769268157E9
7.4                      1.1013759485587437E9
7.5                      1.0004038226165931E9
7.6000000000000005       8.967693505914577E8
7.7                      7.908214072832161E8
7.800000000000001        6.831537548330292E8
7.9                      5.749457934774706E8
8                        4.690274154908443E8
8.1                      3.748323350292545E8
8.200000000000001        3.194864532316866E8
8.3                      3.36372416828757E8
8.4                      4.468290121419739E8
8.5                      6.659186096493727E8
8.6                      1.0056481578486259E9
8.700000000000001        1.4756979747831845E9
8.8                      2.0839662950787473E9
8.9                      2.8369685145730567E9
9                        3.7402152857287955E9
