% Model:              bistable_tri.mph
% Version:            COMSOL 6.2.0.290
% Date:               Oct 29 2025, 21:42
% Table:              Table 1 - Global Evaluation 1
% delta (m)              Total stored energy (J)
0                        1.4954043680455228E-7
0.1                      6452972.383457495
0.2                      2.3833749971737333E7
0.30000000000000004      4.984829347361476E7
0.4                      8.28310575256221E7
0.5                      1.2152615356143531E8
0.6000000000000001       1.649548015918849E8
0.7000000000000001       2.1233193847451165E8
0.8                      2.6301183739885575E8
0.9                      3.164514967171386E8
1                        3.721852869490948E8
1.1                      4.298069562128297E8
1.2000000000000002       4.8895658163187534E8
1.3                      5.493109301391068E8
1.4000000000000001       6.105762235570552E8
1.5                      6.724826344255648E8
1.6                      7.347800512396547E8
1.7000000000000002       7.97234790712712E8
1.8                      8.596270275981972E8
1.9000000000000001       9.217487759309492E8
2                        9.834022994640338E8
2.1                      1.0443988600121222E9
2.2                      1.1045577345193934E9
2.3000000000000003       1.1637054476761014E9
2.4000000000000004       1.2216751786377904E9
2.5                      1.278306309092711E9
2.6                      1.333444086433358E9
2.7                      1.3869393807118807E9
2.8000000000000003       1.4386485178236542E9
2.9000000000000004       1.4884331742699997E9
3                        1.5361603211219509E9
3.1                      1.5817022066032825E9
3.2                      1.6249363681518393E9
3.3000000000000003       1.6657456659938986E9
3.4000000000000004       1.704018331241086E9
3.5                      1.7396480223454792E9
3.6                      1.772533884460849E9
3.7                      1.8025806068860762E9
3.8000000000000003       1.8296984743290987E9
3.9000000000000004       1.8538034082412348E9
4                        1.874816994942036E9
4.1000000000000005       1.8926664976898983E9
4.2                      1.9072848502551224E9
4.3                      1.9186106299225934E9
4.4                      1.926588008186426E9
4.5                      1.9311666776972814E9
4.6000000000000005       1.9323017542773972E9
4.7                      1.9299536530226738E9
4.800000000000001        1.924087937656223E9
4.9                      1.914675142370046E9
5                        1.9016905653794684E9
5.1000000000000005       1.8851140332945654E9
5.2                      1.8649296351636298E9
5.300000000000001        1.8411254246250944E9
5.4                      1.8136930879731429E9
5.5                      1.782627575024517E9
5.6000000000000005       1.7479266883745039E9
5.7                      1.7095906247981837E9
5.800000000000001        1.6676214599689424E9
5.9                      1.622022563989745E9
6                        1.5727979299249997E9
6.1000000000000005       1.519951389721104E9
6.2                      1.4634856801737337E9
6.300000000000001        1.4034013034859142E9
6.4                      1.3396950981026278E9
6.5                      1.2723583878483386E9
6.6000000000000005       1.2013744953384361E9
6.7                      1.1267152573466504E9
6.800000000000001        1.0483358963697326E9
6.9                      9.661670251807905E8
7                        8.801013035019126E8
7.1000000000000005       7.899694049947909E8
7.2                      6.954943776393844E8
7.300000000000001        5.959933734973458E8
7.4                      4.899427079230716E8
7.5                      3.892749875691962E8
7.6000000000000005       3.3947549949539596E8
7.7                      3.532181658196085E8
7.800000000000001        4.458541351799048E8
7.9                      6.329270041907965E8
8                        9.286742724902879E8
8.1                      1.3451114362915084E9
8.200000000000001        1.892186856213853E9
