% Model:              bistable_tri.mph
% Version:            COMSOL 6.2.0.290
% Date:               Oct 1 2025, 14:10
% Table:              Table 1 - Global Evaluation 1
% delta (m)              Total stored energy (J)
0                        5.487482812948664E-19
0.1                      6502495.844581503
0.2                      2.3905598272044975E7
0.30000000000000004      4.98033979558935E7
0.4                      8.247698610160832E7
0.5                      1.2064572027960603E8
0.6000000000000001       1.6332063191556385E8
0.7000000000000001       2.0971416811042583E8
0.8                      2.5918233510337895E8
0.9                      3.111862862959737E8
1                        3.6526602576134074E8
1.1                      4.210219221241415E8
1.2000000000000002       4.7810141165609276E8
1.3                      5.3618924311326927E8
1.4000000000000001       5.95000198607109E8
1.5                      6.542735830779483E8
1.6                      7.137690016647844E8
1.7000000000000002       7.732630913160421E8
1.8                      8.325469705075768E8
1.9000000000000001       8.914242369276462E8
2                        9.497093884728489E8
2.1                      1.0072265747781771E9
2.2                      1.0638086091933097E9
2.3000000000000003       1.1192961874970722E9
2.4000000000000004       1.1735372716251974E9
2.5                      1.2263866055641918E9
2.6                      1.2777053372226896E9
2.7                      1.3273607251454823E9
2.8000000000000003       1.375225912819609E9
2.9000000000000004       1.4211797563448653E9
3                        1.4651066936258225E9
3.1                      1.5068966451511378E9
3.2                      1.546444937976831E9
3.3000000000000003       1.5836522458112369E9
3.4000000000000004       1.6184245391736503E9
3.5                      1.6506730405158224E9
3.6                      1.6803141799876525E9
3.7                      1.707269548223401E9
3.8000000000000003       1.7314658431377826E9
3.9000000000000004       1.7528348082666993E9
4                        1.7713131606707137E9
4.1000000000000005       1.786842506846524E9
4.2                      1.7993692454629586E9
4.3                      1.8088444560535643E9
4.4                      1.81522377305565E9
4.5                      1.8184672447825015E9
4.6000000000000005       1.818539177047262E9
4.7                      1.8154079612193034E9
4.800000000000001        1.809045886480515E9
4.9                      1.7994289359524257E9
5                        1.7865365661758573E9
5.1000000000000005       1.770351469130235E9
5.2                      1.750859315559081E9
5.300000000000001        1.7280484777953494E9
5.4                      1.7019097295140173E9
5.5                      1.672435918816667E9
5.6000000000000005       1.639621609684193E9
5.7                      1.6034626849771776E9
5.800000000000001        1.5639559016066892E9
5.9                      1.5210983849077554E9
6                        1.474887044096732E9
6.1000000000000005       1.4253178831286917E9
6.2                      1.372385169865043E9
6.300000000000001        1.3160804087668755E9
6.4                      1.2563910339657533E9
6.5                      1.1932986923893485E9
6.6000000000000005       1.1267769047341037E9
6.7                      1.0567877427600222E9
6.800000000000001        9.832768732155892E8
6.9                      9.061657264509602E8
7                        8.253382550368143E8
7.1000000000000005       7.40616896264709E8
7.2                      6.517183163783507E8
7.300000000000001        5.578909217892178E8
7.4                      4.5497281099960244E8
7.5                      3.714710548817968E8
7.6000000000000005       3.356302656129908E8
7.7                      3.655127085748194E8
7.800000000000001        4.8244111103705466E8
7.9                      7.098914279016348E8
8                        1.0716707539823966E9
8.1                      1.5913434969242249E9
8.200000000000001        2.2918286039830675E9
