% Model:              bistable_tri.mph
% Version:            COMSOL 6.2.0.290
% Date:               Sep 11 2025, 12:11
% Table:              Table 1 - Global Evaluation 1
% delta (m)              Total stored energy (J)
0                        0
0.1                      4123829.9389550826
0.2                      1.5351593404878562E7
0.30000000000000004      3.231402161731208E7
0.4                      5.3979778015903965E7
0.5                      7.954890879224984E7
0.6000000000000001       1.0838430361777133E8
0.7000000000000001       1.3996641205475152E8
0.8                      1.7386252069920444E8
0.9                      2.0970538463502863E8
1                        2.4717802449203026E8
1.1                      2.860026877263512E8
1.2000000000000002       3.2593268703463364E8
1.3                      3.667462687240482E8
1.4000000000000001       4.082419411417105E8
1.5                      4.502348719593271E8
1.6                      4.925540806913736E8
1.7000000000000002       5.3504023171295524E8
1.8                      5.775438869309856E8
1.9000000000000001       6.199241146895413E8
2                        6.620473778867912E8
2.1                      7.037866431638073E8
2.2                      7.45020666711283E8
2.3000000000000003       7.856334222809088E8
2.4000000000000004       8.25513644438105E8
2.5                      8.645544656800535E8
2.6                      9.026531302753043E8
2.7                      9.397107709192725E8
2.8000000000000003       9.756322368003634E8
2.9000000000000004       1.0103259636216955E9
3                        1.0437038776591711E9
3.1                      1.075681327158805E9
3.2                      1.1061770353596394E9
3.3000000000000003       1.1351130702291536E9
3.4000000000000004       1.162414826658114E9
3.5                      1.1880110174130306E9
3.6                      1.21183366961108E9
3.7                      1.233818123882388E9
3.8000000000000003       1.2539030337320106E9
3.9000000000000004       1.27203036291823E9
4                        1.2881453789333196E9
4.1000000000000005       1.3021966409113631E9
4.2                      1.3141359804997687E9
4.3                      1.323918474418025E9
4.4                      1.3315024075892181E9
4.5                      1.3368492258675213E9
4.6000000000000005       1.3399234774951386E9
4.7                      1.340692742504183E9
4.800000000000001        1.3391275493267567E9
4.9                      1.3352012778871083E9
5                        1.3288900484136636E9
5.1000000000000005       1.3201725951182432E9
5.2                      1.3090301237310839E9
5.300000000000001        1.2954461516352699E9
5.4                      1.2794063289897184E9
5.5                      1.2608982387298455E9
5.6000000000000005       1.2399111726416829E9
5.7                      1.2164358797465925E9
5.800000000000001        1.190464281905599E9
5.9                      1.1619891496961806E9
6                        1.1310037289895668E9
6.1000000000000005       1.0975013048839796E9
6.2                      1.0614746841199698E9
6.300000000000001        1.0229155688114727E9
6.4                      9.81813781551432E8
6.5                      9.38156281649988E8
6.6000000000000005       8.919258788120311E8
6.7                      8.430994930508343E8
6.800000000000001        7.91645705657447E8
6.9                      7.375211464300556E8
7                        6.806648513568571E8
7.1000000000000005       6.209888201685891E8
7.2                      5.583611405554653E8
7.300000000000001        4.9258133267820597E8
7.4                      4.2320501465543765E8
7.5                      3.5281311966535586E8
7.6000000000000005       3.063454246381701E8
7.7                      3.001155527283399E8
7.800000000000001        3.4465882073578906E8
7.9                      4.514643805366566E8
8                        6.318917273878871E8
8.1                      8.966745313772398E8
8.200000000000001        1.2558448682810426E9
